50
3
1 2 3
2 3 5
3 5 6
2 3 4
1 2 3
10
47 48 51 53 55 56 59 60 62 64
46 49 50 52 54 57 58 61 63 64
3 11 18 19 20 21 22 23 24 51
4 12 19 25 26 27 28 29 30 52
8 16 23 29 34 38 41 43 44 61
7 15 22 28 33 37 40 41 42 58
1 2 3 4 5 6 7 8 9 46
2 10 11 12 13 14 15 16 17 48
5 13 20 26 31 32 33 34 35 55
4 12 19 25 26 27 28 29 30 53
3 11 18 19 20 21 22 23 24 50
8 16 23 29 34 38 41 43 44 60
6 14 21 27 32 36 37 38 39 57
9 17 24 30 35 39 42 44 45 62
5 13 20 26 31 32 33 34 35 54
7 15 22 28 33 37 40 41 42 59
2 10 11 12 13 14 15 16 17 49
6 14 21 27 32 36 37 38 39 56
1 2 3 4 5 6 7 8 9 47
10
2 12 22 32 42 52 62 72 82 92
1 11 21 31 41 51 61 71 81 91
5 15 25 35 45 55 65 75 85 95
21 22 23 24 25 26 27 28 29 30
61 62 63 64 65 66 67 68 69 70
10 20 30 40 50 60 70 80 90 100
71 72 73 74 75 76 77 78 79 80
81 82 83 84 85 86 87 88 89 90
9 19 29 39 49 59 69 79 89 99
1 2 3 4 5 6 7 8 9 10
41 42 43 44 45 46 47 48 49 50
11 12 13 14 15 16 17 18 19 20
4 14 24 34 44 54 64 74 84 94
51 52 53 54 55 56 57 58 59 60
8 18 28 38 48 58 68 78 88 98
91 92 93 94 95 96 97 98 99 100
7 17 27 37 47 57 67 77 87 97
6 16 26 36 46 56 66 76 86 96
31 32 33 34 35 36 37 38 39 40
5
12 14 15 17 20
8 10 14 15 19
13 17 19 20 23
9 13 14 15 18
2 6 9 12 13
10 13 15 17 20
13 17 18 20 23
6 9 10 13 17
5 9 13 14 17
7
4 6 7 10 11 12 14
2 4 6 8 9 10 11
6 7 9 11 13 14 15
2 4 5 7 9 10 11
9 11 13 14 15 16 18
8 10 12 13 14 15 17
9 11 13 14 15 18 19
4 6 7 9 11 12 13
7 9 11 13 14 16 18
11 14 16 18 19 21 23
5 7 9 12 13 14 16
10 12 14 16 18 19 20
11 13 15 17 18 20 23
3
1 2 3
2 3 4
3 4 5
3 4 5
1 2 3
6
8 11 15 18 21 26
4 6 11 13 16 17
3 4 6 8 11 14
1 3 4 7 8 11
11 12 16 20 21 22
12 15 17 23 26 29
7 8 14 17 20 23
9 10 13 17 18 20
1 3 6 9 11 12
3 4 8 10 12 15
6 8 11 14 15 16
3
6 7 9
2 4 6
4 6 9
2 3 4
3 5 7
2
2 4
4 8
6 8
7
6 11 15 18 20 21 32
3 8 12 13 14 15 26
5 10 14 17 19 20 31
1 2 3 4 5 6 22
2 7 8 9 10 11 24
4 9 13 16 17 18 29
6 11 15 18 20 21 33
3 8 12 13 14 15 27
22 25 26 29 31 33 34
5 10 14 17 19 20 30
4 9 13 16 17 18 28
1 2 3 4 5 6 23
23 24 27 28 30 32 34
4
3 5 6 11
2 4 5 9
3 5 6 12
2 4 5 10
1 2 3 7
7 10 12 13
8 9 11 13
6
4 8 10 14 18 21
1 2 4 7 8 10
6 8 10 13 14 17
1 4 6 9 10 11
7 9 13 17 21 23
2 7 8 12 15 16
9 12 14 17 19 20
11 16 21 23 25 28
10 15 18 21 24 25
4 7 8 9 10 12
8 10 14 19 24 25
7
13 17 19 24 25 27 30
7 8 11 13 16 17 20
11 17 20 24 26 28 30
3 5 8 10 12 14 17
1 3 5 8 9 10 11
10 14 17 21 22 23 27
9 10 13 14 19 21 24
4 5 7 9 12 14 17
1 4 7 9 10 11 13
10 12 16 18 20 22 26
5 7 11 13 16 17 19
8 9 13 14 18 21 24
9 12 16 19 20 22 25
2
2 3
1 2
2 3
10
20 25 32 36 40 43 51 52 54 56
18 23 26 30 32 39 40 44 46 49
26 32 41 44 51 53 54 59 63 66
4 6 8 11 14 18 20 23 28 32
32 37 41 46 49 55 61 63 66 71
20 29 32 38 43 47 51 53 58 61
9 15 18 23 26 31 32 35 40 41
19 25 31 34 35 40 43 47 50 55
8 11 18 21 26 31 32 37 41 42
11 14 23 26 30 34 38 43 44 47
5 10 11 14 18 22 25 26 30 37
30 37 42 47 52 54 56 63 68 71
22 30 37 43 48 49 52 58 60 63
14 18 26 29 32 35 43 48 51 52
28 30 40 43 46 50 58 60 63 68
18 22 31 35 39 40 47 49 53 54
23 26 35 41 44 47 53 58 59 63
6 10 15 20 23 25 29 30 32 37
14 20 21 26 29 35 36 41 43 46
7
5 9 10 12 14 16 17
7 11 13 14 15 18 19
1 3 5 6 8 9 10
4 7 9 10 11 14 15
9 13 17 18 20 22 23
1 3 4 5 7 8 9
5 7 9 10 13 15 17
9 12 14 16 18 21 22
8 10 11 14 15 19 20
6 8 10 12 14 17 18
8 12 15 17 19 21 22
10 14 15 17 19 22 23
3 5 7 8 10 12 14
8
9 10 13 15 20 22 24 25
14 16 19 22 26 29 32 35
6 7 9 13 16 18 21 22
6 7 9 11 13 17 19 22
20 21 22 24 25 27 35 38
3 6 7 9 10 14 16 19
8 9 11 14 17 21 22 24
14 17 18 21 22 24 29 31
1 3 6 9 12 14 17 20
15 19 22 24 27 31 35 38
1 4 6 8 9 12 14 15
12 15 16 17 20 23 26 27
9 10 13 14 15 18 22 24
12 14 17 18 23 24 26 27
17 19 21 22 24 26 32 35
5
4 6 8 12 14
1 4 7 8 9
10 14 17 19 22
9 12 13 14 16
9 12 14 16 22
8 11 12 14 19
6 8 11 12 14
1 3 6 9 10
3 6 9 11 12
2
5 9
3 5
3 6
4
3 6 8 11
6 9 11 14
3 6 7 10
7 11 13 15
6 9 10 14
8 10 13 17
10 14 17 19
2
2 6
4 8
2 4
7
29 30 31 32 33 34 35
8 9 10 11 12 13 14
1 2 3 4 5 6 7
6 13 20 27 34 41 48
1 8 15 22 29 36 43
15 16 17 18 19 20 21
36 37 38 39 40 41 42
5 12 19 26 33 40 47
22 23 24 25 26 27 28
2 9 16 23 30 37 44
3 10 17 24 31 38 45
4 11 18 25 32 39 46
43 44 45 46 47 48 49
3
2 3 4
1 2 3
2 3 4
3 4 5
3 4 5
6
2 4 7 10 12 13
10 12 13 18 19 22
2 3 6 8 10 13
6 7 12 13 16 18
10 11 18 19 23 25
13 14 21 22 26 29
12 14 16 21 23 26
3 6 10 12 14 16
8 10 15 18 21 24
4 6 7 10 11 14
7 10 12 15 18 21
8
8 9 11 13 14 16 17 19
2 3 4 6 8 9 10 12
2 3 5 6 8 9 11 12
12 14 16 17 19 21 23 25
5 7 8 9 11 13 14 15
3 4 7 8 10 11 12 14
3 4 6 7 9 11 13 14
9 11 13 14 16 17 18 21
8 10 11 13 14 16 18 20
6 7 9 11 13 14 16 17
12 14 15 16 20 22 24 25
6 8 9 11 13 14 15 16
10 13 14 15 18 20 21 23
11 12 13 16 17 18 21 24
4 6 8 9 11 12 13 16
10
6 8 13 14 15 18 21 25 28 31
13 16 20 22 24 25 28 30 32 36
15 18 21 24 26 29 30 33 35 39
17 20 22 27 29 30 33 36 37 41
12 14 17 18 21 23 25 29 30 35
10 11 18 20 22 23 25 29 31 35
9 10 15 17 18 21 22 27 29 32
16 17 22 25 27 29 30 33 36 39
4 5 6 8 10 11 16 18 20 22
4 6 10 13 14 17 20 22 25 28
19 24 28 31 32 35 36 39 41 44
10 12 14 15 18 22 24 26 29 32
6 8 10 13 15 18 20 21 22 24
3 5 8 10 12 14 16 17 21 24
1 3 4 6 9 10 13 15 17 18
9 10 13 14 17 20 22 24 27 30
1 4 6 9 10 12 13 16 18 19
18 21 25 28 29 31 32 35 37 41
18 22 24 30 32 35 36 39 41 44
10
28 39 45 47 53 57 62 65 68 73
12 20 25 30 35 39 43 45 47 50
23 31 38 43 46 49 57 61 62 67
19 28 33 35 42 47 52 55 56 60
1 4 6 10 12 14 19 23 26 28
6 8 12 17 25 26 33 38 42 45
14 22 23 27 39 42 47 49 53 57
6 8 12 17 21 23 24 30 35 39
11 12 17 22 30 32 35 43 46 47
21 33 35 36 47 54 56 62 65 68
1 3 6 11 13 14 16 18 21 22
10 15 17 22 26 27 29 33 36 42
13 18 21 26 35 38 42 46 48 53
22 35 39 42 50 56 60 67 72 73
18 28 30 33 45 51 55 61 62 65
16 23 24 29 43 47 52 57 61 62
26 36 42 46 48 53 61 62 65 72
4 7 8 12 18 22 23 28 33 35
3 7 8 15 20 25 28 31 36 39
4
2 4 6 7
4 6 8 9
7 8 11 13
4 6 7 8
6 7 9 10
8 9 10 13
6 8 9 11
10
11 12 13 18 21 22 23 26 27 29
2 3 5 6 8 10 11 12 14 16
6 8 10 13 14 17 19 21 23 24
15 18 19 23 24 26 27 29 31 33
3 4 6 9 10 13 15 17 18 19
2 3 5 7 9 11 12 13 15 17
7 9 11 13 15 16 18 19 20 21
8 9 11 15 17 18 21 23 24 25
10 11 12 16 19 21 22 24 26 27
5 6 8 11 12 15 16 18 19 21
11 13 15 17 18 21 22 24 25 27
3 4 6 8 9 11 12 13 15 18
17 19 21 24 25 27 29 30 33 34
13 17 18 21 23 24 26 27 28 30
14 15 17 20 24 25 27 28 31 33
12 13 15 19 23 24 25 27 29 30
12 15 16 19 21 22 23 25 27 29
9 10 12 14 17 19 21 23 24 26
5 6 8 10 11 12 13 15 17 20
7
6 10 12 13 19 23 24
7 8 9 11 13 16 17
1 2 3 4 6 9 12
4 5 7 9 12 14 16
1 3 4 7 10 11 12
2 4 5 8 13 15 18
12 14 16 17 24 27 30
9 12 14 16 22 24 25
4 8 9 11 17 20 23
10 13 14 17 19 22 24
3 5 7 9 14 17 21
12 18 21 23 24 25 30
11 15 17 20 23 24 27
2
2 4
6 8
2 6
10
3 4 5 6 7 8 9 10 11 12
10 11 12 13 14 15 16 17 18 19
1 2 3 4 5 6 7 8 9 10
7 8 9 10 11 12 13 14 15 16
9 10 11 12 13 14 15 16 17 18
4 5 6 7 8 9 10 11 12 13
10 11 12 13 14 15 16 17 18 19
2 3 4 5 6 7 8 9 10 11
8 9 10 11 12 13 14 15 16 17
5 6 7 8 9 10 11 12 13 14
3 4 5 6 7 8 9 10 11 12
6 7 8 9 10 11 12 13 14 15
9 10 11 12 13 14 15 16 17 18
2 3 4 5 6 7 8 9 10 11
5 6 7 8 9 10 11 12 13 14
6 7 8 9 10 11 12 13 14 15
8 9 10 11 12 13 14 15 16 17
1 2 3 4 5 6 7 8 9 10
7 8 9 10 11 12 13 14 15 16
7
2 3 4 5 6 7 8
2 3 4 5 6 7 8
5 6 7 8 9 10 11
5 6 7 8 9 10 11
1 2 3 4 5 6 7
4 5 6 7 8 9 10
6 7 8 9 10 11 12
7 8 9 10 11 12 13
4 5 6 7 8 9 10
7 8 9 10 11 12 13
6 7 8 9 10 11 12
3 4 5 6 7 8 9
3 4 5 6 7 8 9
6
9 16 20 23 26 29
8 10 15 17 19 23
4 6 9 10 13 16
7 9 12 15 18 20
10 13 16 20 22 26
3 4 5 6 8 9
13 16 18 23 25 29
5 6 9 12 14 16
6 12 15 17 20 23
5 9 12 15 16 18
8 14 18 19 22 25
3
1 2 7
1 5 9
2 7 11
5 7 8
7 8 12
2
22 222
2 22
2 22
4
2 3 4 5
1 2 3 4
3 4 5 6
3 4 5 6
4 5 6 7
4 5 6 7
2 3 4 5
7
50 60 79 103 127 148 159
93 118 128 138 152 174 194
41 55 60 75 118 136 141
60 69 79 90 128 153 174
113 141 174 199 201 210 212
100 136 153 154 169 177 206
79 89 103 119 138 154 199
72 75 90 119 138 159 168
25 55 69 89 92 119 133
104 119 148 159 174 177 210
129 133 159 168 194 206 212
16 25 50 72 93 100 113
16 41 60 79 87 104 129
4
47 78 89 112
34 98 112 117
32 67 78 92
19 43 47 57
19 32 33 34
43 67 87 98
33 87 89 101
7
9 11 12 14 17 19 24
10 12 14 15 16 17 18
2 3 5 6 7 9 10
8 9 10 11 13 14 15
6 7 8 10 11 12 14
11 13 16 17 18 19 20
12 14 18 20 22 24 26
2 4 6 8 10 11 12
6 8 10 11 15 17 20
4 5 7 8 10 11 13
7 10 11 13 16 18 22
10 13 14 15 18 20 26
3 5 7 9 12 13 14
2
22 222
2 22
22 222
4
3 7 11 15
4 8 12 16
2 6 10 14
9 10 11 12
1 2 3 4
1 5 9 13
13 14 15 16
3
6 7 10
4 5 7
3 5 7
2 3 6
6 7 10
4
2 3 5 7
4 5 8 11
3 4 6 9
7 9 11 13
3 4 5 7
2 3 4 6
6 7 10 13
10
93 105 143 159 171 195 214 226 240 271
99 122 168 202 205 226 228 237 243 266
129 142 164 167 205 224 226 237 248 301
51 75 111 135 152 177 193 202 218 235
44 64 89 111 123 143 153 164 174 188
107 122 153 166 184 213 224 228 241 278
136 151 174 176 215 232 241 243 271 307
131 133 189 235 254 271 278 301 307 323
4 29 48 51 69 93 107 129 136 155
50 73 107 135 151 159 166 167 176 204
52 85 126 152 156 171 184 205 215 220
48 58 89 107 126 136 145 168 178 189
64 103 136 177 184 195 213 224 232 234
29 48 64 73 85 103 111 122 125 133
155 156 188 204 220 234 254 266 281 323
4 21 44 50 52 64 86 99 122 131
69 87 123 151 156 184 195 205 238 254
21 48 58 75 87 105 122 142 151 156
122 125 178 218 238 240 241 248 271 281
2
2 6
4 8
6 8
7
11 14 16 18 22 23 25
6 8 9 12 14 16 17
2 4 6 7 8 9 11
7 14 16 17 20 22 23
9 13 15 17 20 22 23
9 15 17 19 22 23 25
2 3 4 5 6 7 9
6 12 14 16 18 20 22
3 6 8 10 11 13 14
8 11 14 15 18 20 22
4 6 8 10 12 14 15
4 8 9 12 14 15 16
5 10 12 14 15 17 18
3
5 6 7
2 5 7
5 6 8
6 7 10
7 8 10
3
1 2 3
2 3 4
1 2 3
2 3 4
3 4 5
10
11 14 22 28 30 33 41 42 46 48
34 39 41 46 48 54 58 62 66 69
6 8 9 14 16 19 21 26 28 31
14 21 32 36 39 42 46 55 58 61
4 6 11 14 19 24 27 31 34 36
14 17 24 28 31 33 36 39 43 50
19 26 37 39 40 44 48 56 62 67
24 28 31 33 36 39 42 44 51 56
7 8 15 17 23 28 30 36 39 40
19 23 26 30 34 37 39 40 46 54
11 15 20 22 26 31 32 37 40 45
8 9 20 24 26 31 36 40 41 42
27 30 36 41 43 45 46 48 54 59
23 28 40 43 46 51 54 60 66 68
4 7 8 11 12 13 14 19 23 25
31 36 40 42 47 52 55 56 60 63
36 40 42 48 53 56 61 67 68 73
13 19 31 33 37 39 45 52 54 56
12 16 26 31 34 36 43 47 48 53
